[0.0, 0.0];0;-1,781;9,855;10,831;
[0.0, 0.0];0;1,015;9,261;6,637;
[0.0, 0.0];0;0,201;8,763;5,88;
[0.0, 0.0];0;0,153;8,772;5,832;
[-25.734135890758928, 28.247943839985272];0;0,115;8,753;5,842;
[-25.734135890758928, 28.247943839985272];0;-0,345;9,251;5,966;
[-25.734135890758928, 28.247943839985272];0;0,268;9,222;6,024;
[-25.734135890758928, 28.247943839985272];0;-0,594;9,606;5,018;
[-25.734135890758928, 28.247943839985272];0;-2,509;9,778;6,378;
[-25.734135890758928, 28.247943839985272];0;-2,059;9,941;5,162;
[-25.734135890758928, 28.247943839985272];0;-1,599;10,4;4,108;
[-25.734170255760684, 28.24790142886512];2;1,264;10,477;3,936;
[-25.73417190131784, 28.24785998950093];3;1,59;11,042;4,013;
[-25.734179571794673, 28.2478036779297];4;1,044;10,86;3,907;
[-25.734194392107945, 28.247728309426822];4;0,939;11,004;3,821;
[-25.7342116440891, 28.24765102236507];5;1,082;10,86;3,725;
[-25.73421964300779, 28.2475719155631];5;1,235;10,812;4,511;
[-25.73422676149308, 28.247494203825408];4;1,417;11,502;4,932;
[-25.73422925003618, 28.247407869220844];5;1,475;11,473;4,453;
[-25.734229051377902, 28.247316800821906];5;1,235;11,54;4,08;
[-25.734231501735565, 28.24722792603119];5;1,111;10,582;4,338;
[-25.73423565082195, 28.247123172500412];6;1,657;10,812;6,196;
[-25.734240247169524, 28.247025657400464];7;0,919;10,975;5,516;
[-25.73424316754942, 28.246933322817792];6;-0,68;9,835;6,685;
[-25.73425447971053, 28.246849241261877];6;-1,034;10,649;7,298;
[-25.73426370910801, 28.246781327578177];4;1,044;10,477;6,445;
[-25.734269116594184, 28.246742345895647];2;-0,958;10,056;4,52;
[-25.734269116594184, 28.246742345895647];2;-0,354;9,874;4,137;
[-25.734269116594184, 28.246742345895647];2;-0,172;9,922;3,438;
[-25.734269116594184, 28.246742345895647];2;-0,153;9,826;3,275;
[-25.734269116594184, 28.246742345895647];2;-0,469;10,094;2,931;
[-25.734269116594184, 28.246742345895647];2;-1,379;11,693;3,237;
[-25.734269116594184, 28.246742345895647];2;-1,81;10,563;2,375;
[-25.7343198808541, 28.246722453998004];1;-2,768;11,128;2,95;
[-25.73434665321819, 28.246696664364094];2;-2,777;10,611;2,873;
[-25.734388115653598, 28.24667427244456];3;-2,097;11,09;1,954;
[-25.734440686358106, 28.246668403133754];4;-0,69;10,736;1,935;
[-25.73448924975112, 28.24666169038217];4;0,891;11,358;2,768;
[-25.734544685693105, 28.24666310971383];5;0,757;11,349;2,969;
[-25.734614254511637, 28.2466690374898];6;0,603;10,927;3,065;
[-25.734691373859228, 28.24666770232495];5;0,651;10,582;2,787;
[-25.734797044654755, 28.246669962166948];5;0,536;10,534;2,998;
[-25.734903270130573, 28.246664405176215];8;0,824;11,119;2,691;
[-25.735007599047766, 28.24665186444232];9;0,986;11,205;3,179;
[-25.73511085695358, 28.246644239219716];9;1,159;10,918;3,304;
[-25.735215856994373, 28.246638688404264];10;1,149;11,224;3,524;
[-25.73532434878977, 28.24662514175435];10;1,111;10,745;2,71;
[-25.735451196952706, 28.24661355711436];12;1,13;11,013;3,61;
[-25.735571572978532, 28.246597487971894];12;1,216;11,416;3,802;
[-25.7357010459126, 28.246582304636124];12;0,747;10,659;3,323;
[-25.735840638495546, 28.24656398049691];12;1,111;11,31;3,524;
[-25.73596129020456, 28.24654259365259];11;0,91;10,649;2,883;
[-25.73608206897642, 28.24652613954582];11;1,025;11,195;3,419;
[-25.736213875865893, 28.246507120445536];12;1,159;10,946;3,247;
[-25.736341610123755, 28.246485263548497];12;0,852;10,285;2,978;
[-25.736472565806807, 28.246464279810002];13;0,9;10,908;3,534;
[-25.73659764545774, 28.24644571275573];13;0,709;10,975;3,247;
[-25.736723881082398, 28.24642826749034];13;0,699;11,243;3,294;
[-25.736858167381158, 28.246405600175844];13;1,092;10,985;3,553;
[-25.73697017725775, 28.246383749261877];14;1,35;10,333;2,758;
[-25.737101328134038, 28.246359059239033];14;1,561;11,837;4,357;
[-25.737236784843198, 28.24632073531161];14;1,504;11,071;4,578;
[-25.73737077258488, 28.24627040269269];14;1,686;10,889;3,563;
[-25.737505740105227, 28.24621473042914];14;1,513;10,602;3,132;
[-25.73764467760555, 28.246148751891653];15;0,795;10,707;4,405;
[-25.73778338970431, 28.24607196184833];15;0,958;10,716;3,687;
[-25.73792440757984, 28.24599532272984];16;1,063;11,071;4,089;
[-25.738058298395266, 28.24590860831944];16;1,12;10,515;4,223;
[-25.73818647091995, 28.245821472230187];16;1,417;10,812;4,243;
[-25.73831098959746, 28.245736582417916];16;0,986;10,745;4,444;
[-25.738435391066435, 28.24566076236219];16;1,149;10,918;4,654;
[-25.73856450616706, 28.24558036875257];16;1,571;12,392;7,077;
[-25.738697403174292, 28.24550023940719];15;1,494;12,498;7,422;
[-25.738824086406343, 28.245422215148647];15;0,919;11,377;6,005;
[-25.73893682803199, 28.24535334313468];14;1,025;10,822;4,836;
[-25.739053931492737, 28.24528373545939];14;1,274;11,119;5,009;
[-25.739170129948583, 28.245216615859885];14;0,996;11,061;6,905;
[-25.739276228253516, 28.245154606361577];13;0,881;10,017;5,938;
[-25.739375375937158, 28.245099155664676];12;1,274;12,297;6,551;
[-25.73945527275673, 28.245056715977864];10;0,91;9,787;6,828;
[-25.73950497830425, 28.245030673636666];7;0,747;9,855;5,909;
[-25.7395304584683, 28.24501659979494];4;0,517;9,797;5,353;
[-25.739540847571718, 28.245012465523793];2;0,603;9,768;4,951;
[-25.739540847571718, 28.245012465523793];2;0,546;9,768;3,735;
[-25.739540847571718, 28.245012465523793];2;0,536;9,778;3,907;
[-25.739540847571718, 28.245012465523793];2;0,508;9,96;3,831;
[-25.739540847571718, 28.245012465523793];2;0,364;9,816;3,189;
[-25.739540847571718, 28.245012465523793];2;0,479;9,855;3,141;
[-25.739540847571718, 28.245012465523793];2;0,527;9,922;2,988;
[-25.739540847571718, 28.245012465523793];2;0,747;10,64;2,71;
[-25.739540847571718, 28.245012465523793];2;1,293;11,578;3,361;
[-25.739540847571718, 28.245012465523793];2;0,891;10,582;3,275;
[-25.739576489777246, 28.244992711054344];3;1,695;11,013;3,122;
[-25.739624837608776, 28.244964152614607];5;1,638;10,726;3,151;
[-25.739688953078886, 28.244924501311097];5;1,915;11,205;3,448;
[-25.739756225630508, 28.244879603910437];6;1,322;10,889;3,572;
[-25.73980449440018, 28.244838665035164];6;1,159;10,745;3,237;
[-25.73986695874456, 28.244781480562782];8;0,919;10,487;3,266;
[-25.739939005762093, 28.244710097304772];8;0,929;10,889;4,539;
[-25.740013981826312, 28.244627664137205];10;0,881;10,554;3,745;
[-25.740097407711517, 28.244536894017394];11;0,814;10,247;3,342;
[-25.740182927838084, 28.244445636544448];11;1,188;10,343;3,668;
[-25.74026305800105, 28.244362288604552];12;1,226;10,573;4,128;
[-25.740343730041303, 28.244278749282593];12;1,025;10,41;3,85;
[-25.740428113392237, 28.244193181029505];12;0,9;10,4;4,367;
[-25.740523080733038, 28.24409812699883];13;1,073;10,046;4,137;
[-25.740622133827163, 28.24399770293243];13;0,948;10,314;4,156;
[-25.740719710537785, 28.243897950544312];13;1,618;11,387;4,932;
[-25.7408204408072, 28.24379625649143];14;1,35;10,678;5,344;
[-25.740923498104518, 28.243692850130003];14;1,427;10,487;4,539;
[-25.741027044873583, 28.24358718388766];14;1,513;10,927;5,114;
[-25.741130339415268, 28.24348321973844];14;1,063;10,094;4,673;
[-25.741237798050793, 28.24337534478547];14;1,063;10,649;4,386;
[-25.741346796626797, 28.2432664304813];14;1,053;10,525;4,779;
[-25.741457352687465, 28.243155212930535];14;1,235;11,808;5,21;
[-25.741558982376027, 28.243051823211054];14;1,073;10,745;4,367;
[-25.741656421494028, 28.242953839732767];14;0,948;11,128;5,181;
[-25.741755760516856, 28.24285420080516];15;0,766;10,439;4,683;
[-25.741853489308845, 28.242757910621];14;0,804;10,86;4,817;
[-25.741948908684776, 28.242664263436826];14;1,245;10,64;4,434;
[-25.742036867268926, 28.242575738395054];13;0,986;10,534;4,377;
[-25.742124136303204, 28.242487770274142];13;0,919;10,41;4,855;
[-25.74220822262665, 28.242403499910317];13;1,025;10,64;5,306;
[-25.74229367394011, 28.2423204031901];13;1,638;10,678;5,928;
[-25.74236128138851, 28.24225109194283];10;0,948;10,324;5,861;
[-25.742426324815863, 28.242182648150727];9;1,034;10,506;5,583;
[-25.742479275869112, 28.24212484740391];8;1,015;10,065;5,737;
[-25.74251964078162, 28.242084225187803];6;0,881;10,506;5,085;
[-25.742544402294474, 28.242060347933904];3;1,369;10,142;5,593;
[-25.74255336471031, 28.242050506548495];1;0,939;9,922;2,959;
[-25.74254551189214, 28.242058481630696];0;1,293;11,674;3,189;
[-25.74254551189214, 28.242058481630696];0;-2,04;13,293;3,917;
[-25.74254551189214, 28.242058481630696];0;0,201;9,835;3,496;
[-25.74254551189214, 28.242058481630696];0;0,757;10,027;3,955;
[-25.74254551189214, 28.242058481630696];0;0,632;9,855;4,396;
[-25.74254551189214, 28.242058481630696];0;0,335;9,692;4,013;
[-25.74254551189214, 28.242058481630696];0;0,431;9,701;3,907;
[-25.74254551189214, 28.242058481630696];0;0,642;9,682;4,721;
[-25.74254551189214, 28.242058481630696];0;0,527;9,634;4,147;
[-25.74254551189214, 28.242058481630696];0;0,45;9,577;4,233;
[-25.74254551189214, 28.242058481630696];0;0,402;9,606;4,013;
[-25.74254551189214, 28.242058481630696];0;0,555;9,816;4,07;
[-25.74254551189214, 28.242058481630696];0;0,584;10,448;3,553;
[-25.74253609523685, 28.242068604725876];0;-0,824;10,209;5,248;
[-25.74253609523685, 28.242068604725876];0;1,618;11,167;6,005;
[-25.742557079631638, 28.242044228383616];0;-1,168;11,032;4,559;
[-25.742584308843224, 28.242023906405514];3;-2,26;11,425;3,812;
[-25.74261762279093, 28.242003821053924];4;2,576;11,013;4,29;
[-25.742662559085694, 28.24198160169034];5;2,193;10,745;3,773;
[-25.74271200271523, 28.24196524115616];5;-1,015;10,812;4,741;
[-25.7427645747697, 28.24195334830175];5;-2,854;10,783;5,267;
[-25.742822439707343, 28.2419445116822];6;-1,695;10,41;4,587;
[-25.742886363129358, 28.24194065164084];6;1,456;9,893;4,118;
[-25.742981270054536, 28.2419480727167];8;1,015;9,922;4,396;
[-25.743074897331883, 28.24195462162906];8;1,887;10,094;5,239;
[-25.743168855341285, 28.241961839144942];9;1,264;10,257;4,673;
[-25.743261029375915, 28.24197014344872];9;0,776;10,036;6,1;
[-25.743354226577573, 28.241978836363238];9;1,638;11,483;5,938;
[-25.743452571467376, 28.241987877285936];9;1,216;9,931;4,922;
[-25.743552026934243, 28.241996787477497];9;0,919;10,036;5,028;
[-25.74364942526817, 28.242006246140075];9;1,245;10,113;5,66;
[-25.743736556815595, 28.242015370900344];9;1,293;9,768;6,091;
[-25.74381361435758, 28.242027744676953];7;1,705;9,606;5,909;
[-25.743873415613557, 28.242037211032457];6;1,178;9,539;5,813;
[-25.74391348439568, 28.242043911591995];4;1,13;9,72;5,526;
[-25.74394334842844, 28.2420491913524];3;1,025;9,615;5,555;
[-25.743960371268784, 28.242053021258236];2;0,977;9,5;5,373;
[-25.74396938178328, 28.242056798573003];1;0,718;9,539;4,444;
[-25.74396938178328, 28.242056798573003];1;0,871;9,816;4,128;
[-25.74396938178328, 28.242056798573003];1;0,785;9,711;3,907;
[-25.74396938178328, 28.242056798573003];1;0,661;9,74;3,716;
[-25.74396938178328, 28.242056798573003];1;0,68;9,711;4,003;
[-25.74396938178328, 28.242056798573003];1;0,69;9,663;3,773;
[-25.74396938178328, 28.242056798573003];1;0,766;9,711;3,764;
[-25.74396938178328, 28.242056798573003];1;0,651;9,653;3,792;
[-25.74396938178328, 28.242056798573003];1;0,68;9,682;3,735;
[-25.74396938178328, 28.242056798573003];1;0,919;9,864;3,716;
[-25.74396938178328, 28.242056798573003];1;0,881;9,701;3,754;
[-25.74396938178328, 28.242056798573003];1;0,68;9,72;3,879;
[-25.74396938178328, 28.242056798573003];1;0,795;9,845;3,831;
[-25.74396938178328, 28.242056798573003];1;0,958;9,874;3,955;
[-25.74396938178328, 28.242056798573003];1;0,728;9,768;3,85;
[-25.74396938178328, 28.242056798573003];1;0,833;9,749;3,754;
[-25.74396938178328, 28.242056798573003];1;0,862;9,73;4,271;
[-25.74396938178328, 28.242056798573003];1;0,728;9,682;3,859;
[-25.74396938178328, 28.242056798573003];1;0,699;9,615;3,946;
[-25.74396938178328, 28.242056798573003];1;0,795;9,682;3,821;
[-25.74396938178328, 28.242056798573003];1;0,613;9,663;3,792;
[-25.74396938178328, 28.242056798573003];1;0,651;9,74;3,994;
[-25.74396938178328, 28.242056798573003];1;0,804;9,797;4,108;
[-25.74396938178328, 28.242056798573003];1;0,814;9,855;4,137;
[-25.74396938178328, 28.242056798573003];1;0,575;9,711;3,725;
[-25.74396938178328, 28.242056798573003];1;0,603;9,673;3,783;
[-25.74396938178328, 28.242056798573003];1;0,642;9,73;3,994;
[-25.74396938178328, 28.242056798573003];1;0,565;9,682;4,396;
[-25.74396938178328, 28.242056798573003];1;0,584;9,692;4,003;
[-25.74396938178328, 28.242056798573003];1;0,555;9,634;3,754;
[-25.74396938178328, 28.242056798573003];1;0,603;9,72;3,859;
[-25.74396938178328, 28.242056798573003];1;0,565;9,72;3,984;
[-25.74396938178328, 28.242056798573003];1;0,575;9,711;3,926;
[-25.74396938178328, 28.242056798573003];1;0,603;9,807;3,639;
[-25.74396938178328, 28.242056798573003];1;0,622;10,276;3,428;
[-25.74396938178328, 28.242056798573003];1;1,063;10,391;2,538;
[-25.74398135392373, 28.24205624844713];0;1,044;10,362;2,49;
[-25.744020077922155, 28.24205680104244];3;0,986;10,515;3,61;
[-25.744068099470397, 28.242056969734588];4;1,896;10,774;4,051;
[-25.744133022690356, 28.242056984432175];5;1,427;11,741;4,817;
[-25.744196685220125, 28.242056061474113];4;2,011;11,77;5,009;
[-25.74425912666222, 28.242055922601786];4;2,212;11,981;5,171;
[-25.744335501855808, 28.24205592708269];5;2,193;11,981;4,779;
[-25.744404165804433, 28.242055314804087];6;1,034;10,266;4,156;
[-25.74448247902109, 28.24205386620567];8;1,168;10,343;4,415;
[-25.744582736782203, 28.242049768341143];8;1,341;10,132;4,827;
[-25.744678632448316, 28.242039302614817];8;0,958;10,19;3,055;
[-25.744786927446533, 28.242018537501263];10;1,073;10,621;3,745;
[-25.74489844581014, 28.24199253948674];11;0,517;10,621;4,405;
[-25.74500662391952, 28.241955249291212];11;0,948;10,19;4,472;
[-25.74510279047028, 28.24192131762208];10;1,025;10,19;4,683;
[-25.74519244782217, 28.2418830951688];9;1,245;10,812;5,315;
[-25.745275878143413, 28.241841914677657];9;1,35;9,979;4,798;
[-25.74535089627164, 28.241796871034477];8;1,025;9,922;5,229;
[-25.745416362461125, 28.24175555340774];7;-1,733;10,123;5,727;
[-25.745477545491365, 28.24172166662106];7;-2,394;10,036;5,555;
[-25.745529145914468, 28.24170778960241];5;-2,375;10,238;4,185;
[-25.745577405465344, 28.241716455455];5;-1,666;10,41;4,3;
[-25.745625910538593, 28.24173574732301];5;-2,241;10,822;4,568;
[-25.74567064239094, 28.2417631407593];5;-3,275;10,793;4,195;
[-25.745698641231638, 28.241810701336448];5;-3,582;11,023;3,955;
[-25.745714360000555, 28.241876066502492];6;-1,686;10,831;3,534;
[-25.745720316095042, 28.24195826682637];6;2,184;11,406;4,367;
[-25.74571892534901, 28.242051472336485];7;1,178;10,611;3,457;
[-25.74571703699048, 28.242151365644883];8;1,216;10,736;3,103;
[-25.74570926214967, 28.24225802238979];9;1,274;10,994;3,448;
[-25.745689901896608, 28.242385250781364];10;1,312;10,659;4,252;
[-25.74567992185143, 28.242516728559316];10;1,322;11,167;3,773;
[-25.745670271944377, 28.24266436624347];12;1,216;11,329;3,39;
[-25.74566213785594, 28.2428123156128];12;-1,867;11,214;4,195;
[-25.745653546568807, 28.24296526248756];13;-2,145;12,153;3,984;
[-25.74563085223188, 28.243131233181508];13;-1,302;11,339;4,53;
[-25.745585498112582, 28.243317131432878];15;1,925;11,119;5,89;
[-25.745529474178237, 28.243496833053076];17;1,599;11,281;5,535;
[-25.745469750424665, 28.243682808261962];17;1,944;11,004;5,545;
[-25.745408571568973, 28.243851719236552];17;2,059;11,09;4,99;
[-25.745351491960314, 28.244004770163592];16;1,331;10,898;5,478;
[-25.745296669034325, 28.244163538205452];16;2,164;11,665;6,302;
[-25.745243032853832, 28.24432053299958];16;3,045;12,775;7,709;
[-25.745186341609248, 28.244468513226547];16;4,329;13,254;8,523;
[-25.745134706997177, 28.244611377569832];15;1,954;11,789;7,125;
[-25.74508649308761, 28.244741111552027];13;2,27;12,89;8,619;
[-25.745047440761223, 28.244845704919108];11;-2,672;11,435;8,284;
[-25.7450119752657, 28.24492333870371];8;-5,296;12,182;7,068;
[-25.744971008033428, 28.244962043509002];6;-3,783;10,42;5,258;
[-25.744925130346303, 28.244975635069324];5;2,969;10,563;3,725;
[-25.744878644146848, 28.24497726690606];5;3,974;10,793;3,266;
[-25.744838182687225, 28.244981422287502];4;3,974;10,764;3,639;
[-25.744800666656154, 28.24499175600586];4;3,486;11,789;4,108;
[-25.74476655998795, 28.245026956359986];5;3,093;10,554;3,476;
[-25.74473469603033, 28.245070626268298];5;2,825;11,157;3,524;
[-25.744706248930836, 28.245130280188178];6;3,256;10,946;5,392;
[-25.74468030518825, 28.24519375320756];6;2,844;11,961;4,903;
[-25.74465819302558, 28.245257271069256];6;2,921;11,339;4,846;
[-25.744636792274, 28.24532340983409];6;2,346;13,417;5,775;
[-25.74461280761943, 28.24539109361154];6;2,835;12,325;4,137;
[-25.744591094097494, 28.24546455290931];7;2,768;11,617;4,243;
[-25.744569282829413, 28.24553882628554];7;2,308;11,109;5,2;
[-25.744545424717078, 28.245614378499337];7;2,145;10,64;4,817;
[-25.744519496100505, 28.245695418713954];7;2,758;10,918;5,152;
[-25.744492160015405, 28.245780098044776];8;3,869;11,961;5,622;
[-25.74446694913577, 28.245859055099043];8;2,241;11,492;4,999;
[-25.74444334780293, 28.24593266414587];7;2,978;11,205;5,516;
[-25.74441840618403, 28.246003873073803];7;2,375;10,918;6,407;
[-25.74439717042768, 28.24606758765411];6;2,049;10,391;5,957;
[-25.74437960919637, 28.24612109352034];5;1,781;10,381;4,243;
[-25.74436725248383, 28.246162884010506];4;-2,557;10,592;4,549;
[-25.744357864510206, 28.24619752036882];3;-2,097;10,142;6,732;
[-25.744343113261383, 28.2462205558825];2;-1,417;10,439;3,764;
[-25.74432404691657, 28.24623174809333];2;-0,977;10,094;3,63;
[-25.744302184485463, 28.246232500323323];2;1,188;10,803;3,84;
[-25.744281332096122, 28.24622368460713];2;-0,967;10,084;4,98;
[-25.744257445777137, 28.24621469691575];2;0,958;10,305;4,597;
[-25.74424020587241, 28.246202264226174];1;0,555;10,209;3,764;
[-25.744226499833246, 28.24619259952987];1;-1,935;10,084;4,281;
[-25.74421676023448, 28.246183663032234];1;-1,494;10,094;4,08;
[-25.74421183874368, 28.246173688274475];1;-0,881;10,036;4,511;
[-25.744206556431187, 28.246160396223374];1;0,881;10,18;4,386;
[-25.74420272735811, 28.246148864993813];0;-0,862;10,142;3,467;
[-25.7441999837177, 28.24613769103265];0;-0,862;9,787;8,361;
[-25.74421525046167, 28.246116912950388];0;2,433;10,602;7,451;
[-25.74421525046167, 28.246116912950388];0;1,417;14,26;5,114;
[-25.74421525046167, 28.246116912950388];0;0,967;10,238;3,381;
[-25.74421525046167, 28.246116912950388];0;0,766;10,333;2,777;
[-25.74421525046167, 28.246116912950388];0;0,651;9,969;2,385;
[-25.74421525046167, 28.246116912950388];0;0,881;11,53;2,988;
[-25.74421525046167, 28.246116912950388];0;1,188;12,795;2,768;
[-25.74421525046167, 28.246116912950388];0;0,431;10,036;2,643;
[-25.74421525046167, 28.246116912950388];0;0,182;10,056;3,467;
[-25.74421525046167, 28.246116912950388];0;0,239;10,113;2,231;
[-25.74421525046167, 28.246116912950388];0;0,211;10,506;2,816;
[-25.74421525046167, 28.246116912950388];0;0,23;9,95;3,266;
[-25.74421525046167, 28.246116912950388];0;0,383;10,075;2,988;
[-25.74421525046167, 28.246116912950388];0;0,46;10,113;2,528;
[-25.74421525046167, 28.246116912950388];0;-0,508;10,18;2,567;
[-25.74421525046167, 28.246116912950388];0;-0,335;10,161;2,95;
[-25.74421525046167, 28.246116912950388];0;-0,68;10,927;3,017;
[-25.74421525046167, 28.246116912950388];0;-0,23;10,19;2,902;
[-25.74421525046167, 28.246116912950388];0;-0,46;10,132;2,442;
[-25.74421525046167, 28.246116912950388];0;-0,565;10,879;4,022;
[-25.74421525046167, 28.246116912950388];0;0,421;10,209;2,634;
[-25.74421525046167, 28.246116912950388];0;0,737;10,094;2,088;
[-25.74421525046167, 28.246116912950388];0;0,871;10,305;2,442;
[-25.74421525046167, 28.246116912950388];0;1,092;10,362;2,95;
[-25.74420339822479, 28.246153127631658];0;0,929;10,171;3,247;
[-25.74420339822479, 28.246153127631658];0;-1,044;10,209;3,275;
[-25.744181500381064, 28.246143392230337];1;-1,599;10,132;3,869;
[-25.744153644172854, 28.246161858285532];1;-0,814;10,161;3,649;
[-25.744141410087263, 28.246160683186034];1;-0,479;10,132;3,218;
[-25.744124490158008, 28.246156029186025];2;-0,431;10,4;3,16;
[-25.744112069238447, 28.24615047473517];1;0,824;10,228;4,329;
[-25.744112069238447, 28.24615047473517];1;0,239;11,042;3,074;
[-25.744087208166807, 28.246136120229394];1;0,68;10,161;3,773;
[-25.744099220714503, 28.246138252274733];0;-1,724;10,285;2,557;
[-25.744099220714503, 28.246138252274733];0;-2,251;10,812;2,825;
[-25.744099220714503, 28.246138252274733];0;0,977;11,262;2,03;
[-25.744099220714503, 28.246138252274733];0;-0,46;10,381;0,939;
[-25.744099220714503, 28.246138252274733];0;-0,795;10,218;2,337;
[-25.744099220714503, 28.246138252274733];0;-0,699;10,477;1,753;
[-25.74409890361663, 28.246125915444967];0;-0,651;10,381;1,686;
[-25.744099687131012, 28.24611244068625];0;-1,322;11,253;1,925;
[-25.744102644862128, 28.246102853212005];1;-1,82;10,994;-1,58;
[-25.744102644862128, 28.246102853212005];1;-1,398;11,176;2,48;
[-25.74410654294181, 28.24607940008198];1;1,839;11,914;2,528;
[-25.744107645953132, 28.246059764641522];1;1,255;12,258;1,101;
[-25.744107486497988, 28.246045947818658];1;1,58;11,09;-2,691;
[-25.74410538269542, 28.246019951762968];1;2,078;11,224;2,164;
[-25.74409652337349, 28.245979259978053];2;1,475;12,459;-2,854;
[-25.744089590175484, 28.245937428220135];2;2,069;11,186;-1,877;
[-25.744085641491264, 28.24587479976809];3;-1,963;10,783;-1,839;
[-25.7440868936793, 28.245818172206814];4;-3,084;11,598;-1,475;
[-25.74409155642776, 28.245754623510688];4;-2,969;10,898;1,341;
[-25.744097441247558, 28.245689230645553];5;-1,331;10,515;-1,063;
[-25.744103248813175, 28.245621170804494];5;0,881;10,755;1,551;
[-25.744107375666086, 28.24556163735325];5;1,791;10,898;1,283;
[-25.744109348083065, 28.24551769809432];5;3,179;11,406;2,126;
[-25.744100751699417, 28.245484913533833];5;-1,638;10,755;4,08;
[-25.744086494354576, 28.245457539133433];5;0,891;10,783;1,073;
[-25.74407406159416, 28.245447507555195];4;0,814;10,669;2,442;
[-25.744061797722757, 28.24543478118884];4;1,456;10,793;-1,609;
[-25.74405298898752, 28.245428964368802];0;-2,969;11,99;-2,251;
[-25.744039172823673, 28.2454208177292];3;1,887;11,511;2,155;
[-25.74401838532522, 28.24539934437839];3;-2,327;10,822;-1,915;
[-25.744008086251736, 28.24536616853309];3;-1,724;11,128;-1,638;
[-25.74400793472104, 28.245317645776527];3;1,571;11,607;1,657;
[-25.744011382737806, 28.245253184096143];3;0,833;10,851;1,484;
[-25.744016410537444, 28.245176539305547];4;0,948;11,09;1,925;
[-25.74402121677777, 28.245094680817743];4;1,216;11,023;2,116;
[-25.74402527073487, 28.245003979868983];7;1,178;11,243;1,781;
[-25.74402997697545, 28.244910554599937];8;1,13;11,444;2,097;
[-25.74403436284054, 28.244805145342983];8;0,948;10,688;2,155;
[-25.744038785930144, 28.244694293052863];10;1,015;11,454;2,279;
[-25.74404360655371, 28.244586356378342];10;1,791;14,538;3,649;
[-25.744051616567052, 28.24447153431554];10;-1,829;13,819;3,62;
[-25.74405963808435, 28.24435247367604];11;1,762;12,804;2,251;
[-25.74406619377249, 28.244237103037392];11;1,178;11,157;2,059;
[-25.74407457078604, 28.244113511526248];11;0,996;10,774;2,27;
[-25.744080760742293, 28.244001906153876];11;1,369;12,316;3,572;
[-25.744086019680324, 28.243896170591896];10;1,101;10,927;2,394;
[-25.744089192999986, 28.243795946853194];10;0,986;10,563;2,078;
[-25.744092869831515, 28.24369054431657];10;1,235;10,783;2,461;
[-25.744098664208817, 28.243577622902656];10;1,551;10,831;3,084;
[-25.74410649335577, 28.243474842022536];9;0,871;11,119;3,103;
[-25.744110283023165, 28.243378980042838];10;1,082;11,818;3,266;
[-25.744113328094723, 28.243271706099637];10;0,536;10,994;1,044;
[-25.744111394810886, 28.24315298474248];10;-0,852;11,013;1,772;
[-25.7441097027891, 28.243017187119282];12;-1,101;11,502;2,193;
[-25.744110138307608, 28.242881456698733];13;-1,676;11,301;2,691;
[-25.744111388541622, 28.242740992993586];13;-1,618;11,176;2,528;
[-25.744113700061263, 28.242596824463657];13;1,006;10,965;1,753;
[-25.744115400070182, 28.24245149255078];13;-0,632;11,186;1,963;
[-25.74411936034992, 28.242310168810654];13;-0,919;11,502;2,749;
[-25.7441238702715, 28.242163725900625];14;-1,494;13,388;3,371;
[-25.74413113578155, 28.242016653323223];14;-1,676;11,866;2,777;
[-25.744138406981673, 28.24186758182857];14;1,302;11,569;3,294;
[-25.744148975824665, 28.241708036326564];15;-1,293;11,243;2,289;
[-25.744159413036794, 28.241552774791305];15;-0,939;11,894;2,308;
[-25.744170687934158, 28.241391517973238];15;-0,785;10,803;1,887;
[-25.744185507090457, 28.241235747808513];15;-1,312;11,76;1,542;
[-25.744199460176443, 28.24107942713336];15;1,14;11,272;1,666;
[-25.74421410370165, 28.240917084947554];15;-1,523;11,444;2,528;
[-25.74423237879769, 28.240752294519396];16;-1,235;12,028;2,164;
[-25.744246680267956, 28.240589128683865];16;-0,862;10,726;1,609;
[-25.744260129729266, 28.24042208344698];16;-0,584;10,908;2,796;
[-25.744272983149525, 28.240255397803086];16;-0,584;10,745;2,222;
[-25.744283499801938, 28.24009618096806];15;-1,159;11,435;2,969;
[-25.74429396745911, 28.239949074616785];14;-0,91;11,186;3,697;
[-25.744302384007998, 28.239827588098418];13;-1,657;11,377;3,773;
[-25.74430877370467, 28.239726685094556];11;1,551;10,764;4,166;
[-25.744311594320344, 28.23965396730297];8;3,036;13,015;3,601;
[-25.744310715362303, 28.239598116021863];6;3,4;13,379;3,907;
[-25.744293333500877, 28.239548333628143];6;5,306;12,249;2,433;
[-25.744255309930185, 28.239506212547624];5;3,352;12,201;2,854;
[-25.74419867233251, 28.23948122037472];6;-0,632;10,64;1,341;
[-25.74413289546442, 28.239474885737028];6;0,632;10,793;1,513;
[-25.74404892225663, 28.23946533999793];7;-0,488;10,946;1,571;
[-25.743950212963288, 28.239459537152825];9;0,833;12,057;2,682;
[-25.74385242969422, 28.239454296988633];9;0,852;12,086;3,486;
[-25.743745055383297, 28.239447586113613];10;-0,843;11,368;3,62;
[-25.743630938493247, 28.23944245062832];11;0,833;11,799;3,448;
[-25.743519528206264, 28.239437748065928];11;-0,67;12,124;4,156;
[-25.743407310585532, 28.23943385365855];10;-0,69;11,119;5,152;
[-25.74330044328055, 28.23942912355946];9;-0,709;11,157;4,827;
[-25.74321292159829, 28.239422506788706];7;-0,517;10,793;3,831;
[-25.74315719740906, 28.23941595875784];6;-0,536;10,381;4,616;
[-25.743121542027357, 28.23941051112595];4;-1,772;10,209;4,07;
[-25.743121542027357, 28.23941051112595];4;-1,551;10,477;3,103;
[-25.743121542027357, 28.23941051112595];4;0,881;10,305;2,069;
[-25.743121542027357, 28.23941051112595];4;-0,172;10,017;2,097;
[-25.743121542027357, 28.23941051112595];4;0,077;9,989;1,982;
[-25.743121542027357, 28.23941051112595];4;0,096;10,027;1,925;
[-25.743121542027357, 28.23941051112595];4;0,067;9,96;1,935;
[-25.743121542027357, 28.23941051112595];4;0,067;9,96;1,973;
[-25.743121542027357, 28.23941051112595];4;0,077;9,96;1,982;
[-25.743121542027357, 28.23941051112595];4;0,144;9,979;1,992;
[-25.743121542027357, 28.23941051112595];4;0,124;10,017;2,04;
[-25.743121542027357, 28.23941051112595];4;0,163;10,017;2,203;
[-25.743121542027357, 28.23941051112595];4;0,201;10,075;2,308;
[-25.743121542027357, 28.23941051112595];4;0,441;10,716;-2,088;
[-25.743121542027357, 28.23941051112595];4;0,479;10,448;-2,193;
[-25.743121542027357, 28.23941051112595];4;0,46;10,918;1,408;
[-25.743121542027357, 28.23941051112595];4;0,517;11,186;1,982;
[-25.74315033187219, 28.239411119942925];0;0,958;12,22;3,63;
[-25.74309711981578, 28.23940680954718];4;1,427;13,8;3,936;
[-25.74303841173796, 28.23939907262913];4;2,308;12,201;3,448;
[-25.742965028944475, 28.239390545901163];6;3,084;11,76;2,586;
[-25.7428883634233, 28.2394010399634];7;2,873;11,339;2,902;
[-25.74281396038023, 28.23942046356975];7;3,84;12,603;3,314;
[-25.7427418297298, 28.239461913658484];7;2,193;11,942;2,48;
[-25.742672152855054, 28.239522593924054];9;-1,58;10,745;1,973;
[-25.742603422673817, 28.23959163276089];9;1,082;10,774;2,164;
[-25.74252170883942, 28.239672436890068];10;-0,728;11,205;1,906;
[-25.74243747691547, 28.239763209728835];9;-0,91;10,908;1,915;
[-25.742347030784458, 28.239862647894245];11;-0,843;11,109;2,394;
[-25.74225557982166, 28.23997081647785];12;-1,14;11,042;2,49;
[-25.742171594410244, 28.24007446302788];12;-0,814;11,195;2,5;
[-25.742081438068034, 28.240173571795694];13;-0,833;11,147;2,614;
[-25.741990621219273, 28.240277832383644];13;-0,68;11,042;2,385;
[-25.741891563818363, 28.240383144814526];14;-0,939;11,167;2,452;
[-25.741790345897556, 28.240495997990603];14;-1,839;12,689;3,036;
[-25.741689791870357, 28.24061321928495];14;2,212;12,862;3,668;
[-25.74159251689769, 28.2407346187664];14;2,538;11,971;2,634;
[-25.74149560393395, 28.24086616949089];14;1,743;11,55;2,835;
[-25.741405002126935, 28.24100953021773];15;2,308;10,573;2,452;
[-25.741336346698752, 28.241159394172804];14;2,413;10,965;2,394;
[-25.741285725115358, 28.24132001789972];15;1,647;10,946;2,777;
[-25.741253576911856, 28.241492807752653];15;2,547;11,1;2,576;
[-25.74123300717602, 28.241664864140077];16;2,433;11,281;2,777;
[-25.74121954399809, 28.241829491982124];15;2,279;11,665;2,816;
[-25.7412210699618, 28.241981944836716];14;0,948;10,831;2,385;
[-25.741230008541365, 28.242161214010366];14;-1,178;11,435;2,327;
[-25.741259530714387, 28.24234178471681];16;-1,389;11,042;2,26;
[-25.74128745290027, 28.24252300442408];16;-1,982;10,736;2,26;
[-25.741297754376777, 28.242693871527468];16;-2,337;10,994;2,174;
[-25.741286171721054, 28.242867088466202];16;-2,298;11,387;2,758;
[-25.741245491398082, 28.243041536583213];17;-2,394;11,483;2,251;
[-25.741188759626446, 28.2432144133024];17;-2,193;11,444;1,954;
[-25.741109670722484, 28.24336576121241];17;-1,245;12,938;3,524;
[-25.74101982687368, 28.243513139944845];17;0,939;11,578;2,806;
[-25.740907918074647, 28.243649444427284];17;-0,766;10,918;2,519;
[-25.74079571837828, 28.24378347128696];17;-1,379;11,598;2,835;
[-25.740669740533683, 28.24391641521251];17;0,881;10,803;2,528;
[-25.74054664186934, 28.24403387924948];17;1,053;10,745;2,203;
[-25.74042651416717, 28.24414958157588];17;1,235;11,329;2,126;
[-25.74030459285365, 28.2442599417044];17;0,9;11,578;2,787;
[-25.740181871981218, 28.244363382632244];17;1,235;10,678;2,069;
[-25.740060278360847, 28.24446426902418];16;2,193;11,32;2,308;
[-25.739940621408667, 28.2445659877649];16;1,379;10,697;2,078;
[-25.739822733053504, 28.24466846505292];16;1,379;12;3,17;
[-25.739709158966093, 28.24477559587391];16;-1,762;11,32;2,145;
[-25.739594855783793, 28.244878635396482];16;-1,686;11,837;2,346;
[-25.739475902250735, 28.244967692516774];15;-1,12;11,578;2,289;
[-25.739358476846718, 28.24504733146194];14;1,82;10,831;2,308;
[-25.739223630671827, 28.245127358017513];15;1,848;12,651;3,065;
[-25.73908205256416, 28.245205208857044];16;0,555;10,774;1,906;
[-25.738946809767878, 28.24527861008181];16;1,149;10,946;2,155;
[-25.73881196795339, 28.24535278665423];16;1,188;10,87;2,318;
[-25.73867883882289, 28.24542688909485];16;1,743;12,182;3,572;
[-25.738547580682088, 28.245499317378236];16;1,628;12,22;3,256;
[-25.738415767409688, 28.245569585630403];16;1,255;12,459;3,524;
[-25.738283071701176, 28.245638366801785];16;1,216;11,1;2,356;
[-25.73815360049353, 28.245706865762145];16;1,14;10,649;1,973;
[-25.73802308206659, 28.24577802132687];16;1,13;10,831;2,155;
[-25.73789006274072, 28.245851583764594];16;1,437;11,1;2,126;
[-25.737755706117166, 28.245924763506327];16;1,36;11,243;2,136;
[-25.737620974797885, 28.24599717807096];16;0,948;10,611;2,27;
[-25.73748455830603, 28.24606974503127];16;0,804;10,697;2,892;
[-25.737347934874332, 28.246141069555897];16;-0,958;11,052;2,634;
[-25.737210442841647, 28.246207929913012];16;-1,647;11,617;2,863;
[-25.73705867687826, 28.246280469055684];16;-1,858;10,707;2,777;
[-25.73691139223959, 28.246327639212815];16;0,891;10,726;2,873;
[-25.73675900029163, 28.2463658360306];16;0,69;10,831;2,835;
[-25.736596792316924, 28.246390040917237];16;1,14;11,042;2,883;
[-25.736442914857808, 28.246418753247777];16;1,504;10,994;2,892;
[-25.73629099007744, 28.246447770949924];16;1,551;11,425;3,017;
[-25.73612814150031, 28.246473192883723];17;1,006;10,937;2,691;
[-25.735961695013348, 28.24649879504783];17;1,312;11,444;3,189;
[-25.73578042806431, 28.246529109431357];18;1,101;10,803;3,285;
[-25.735603559746043, 28.24656101964114];18;0,814;10,946;4,07;
[-25.735429985567716, 28.24659019711769];18;0,843;10,803;4,204;
[-25.73527486617894, 28.246607866759003];17;1,073;10,496;3,907;
[-25.735120613279108, 28.246626439649244];17;0,996;11,128;4,118;
[-25.734980537743834, 28.24663847657871];15;2,03;10,774;3,84;
[-25.734850811339278, 28.246645020857397];14;1,657;11,109;3,754;
[-25.734726005800095, 28.246649975499764];14;1,542;10,908;5,181;
[-25.7346115204807, 28.24665853496738];13;-1,561;10,956;4,453;
[-25.734511702196915, 28.246658836032914];11;0,699;10,554;3,438;
[-25.73441857568466, 28.246663713632127];10;1,475;11,339;5,612;
[-25.734339789552596, 28.246661861137753];9;3,62;11,818;5,401;
[-25.734280349650138, 28.246660494219732];7;4,185;12,124;4,482;
[-25.73423653056449, 28.246668420782];5;4,262;12,172;2,394;
[-25.734198957414762, 28.24670582192563];5;4,262;11,607;2,222;
[-25.734187840359272, 28.246772908310696];6;2,758;12,871;1,417;
[-25.734188831125486, 28.246851388704123];7;1,025;10,678;2,241;
[-25.734197663616598, 28.24695213495315];9;1,053;11,425;1,887;
[-25.734194383890475, 28.24706735330105];10;1,034;10,812;2,5;
[-25.73419796996737, 28.247188005341002];11;1,35;10,64;3,266;
[-25.73419700161317, 28.24731019337967];11;1,13;10,669;3,026;
[-25.73419468862506, 28.247428752162676];11;1,657;12,239;4,003;
[-25.734193714440956, 28.247543296981775];10;1,159;11,195;4,52;
[-25.734189812651078, 28.24765512644796];10;2,059;10,783;4,98;
[-25.734185940455806, 28.2477505560553];9;1,398;11,061;4,673;
[-25.73417974905695, 28.24783410767757];8;1,676;11,329;4,319;
[-25.734175759448462, 28.247901068743026];6;2,931;12,124;4,281;
[-25.73417807499398, 28.24795756548515];6;2,777;11,234;3,668;
[-25.734191780602952, 28.247997645863354];4;-1,178;10,448;3,668;
[-25.734207491749636, 28.24801637748896];2;2,394;11,339;3,103;
[-25.734223782219164, 28.248026658596586];1;2,164;11,961;4,492;
[-25.734235462250894, 28.248029346316244];1;2,356;10,745;6,33;
[-25.734235462250894, 28.248029346316244];1;0,948;9,902;6,302;
