[-25.7487861868242, 28.240749821685935];7,0;0,824;1,331;12,814;
[-25.748790405962442, 28.24095720580241];8,0;0,939;1,791;12,632;
[-25.748787030978487, 28.24107844781737];8,0;1,14;1,686;12,383;
[-25.74878416133138, 28.24120367005386];9,0;1,12;1,561;12,929;
[-25.748778939935786, 28.241333166929312];9,0;1,063;2,002;13,005;
[-25.748774530854384, 28.241458969523393];9,0;0,91;1,867;13,111;
[-25.748774530854384, 28.241458969523393];9,0;0,91;2,337;12,852;
[-25.748747900696035, 28.24168438030802];9,0;0,996;1,417;12,21;
[-25.7487303071941, 28.241790002896938];9,0;1,101;-0,402;13,427;
[-25.748715586701078, 28.241894788761897];9,0;1,542;-0,871;12,057;
[-25.748699810501208, 28.24198757517445];8,0;1,14;-1,044;12,239;
[-25.748686979133236, 28.24207346535472];6,0;3,208;-0,603;13,34;
[-25.7486784225664, 28.242141469382965];5,0;3,179;-1,207;12,383;
[-25.748671765813707, 28.24219313746775];5,0;2,069;1,197;11,961;
[-25.748664627392515, 28.24225921855548];3,0;1,858;1,896;11,732;
[-25.74866520618799, 28.242286490656113];2,0;2,959;3,189;12,421;
[-25.748675644002155, 28.242318806324047];3,0;3,304;2,528;12,096;
[-25.748695279145135, 28.242367940876655];4,0;3,132;4,013;13,13;
[-25.74871907671661, 28.242398041840904];3,0;4,147;3,208;12,804;
[-25.74875993899287, 28.24241461849074];5,0;3,036;3,093;11,339;
[-25.748811985231928, 28.24243039899788];6,0;1,484;3,045;11,703;
[-25.748868018348794, 28.242440230602917];6,0;1,044;2,902;12,105;
[-25.748932569798484, 28.242443747694427];7,0;1,111;3,141;13,886;
[-25.74899900266195, 28.242447608538242];7,0;0,766;3,371;12,728;
[-25.74908050685071, 28.24245505472095];7,0;0,91;2,72;12,153;
[-25.749198478111182, 28.242469574085064];10,0;1,111;2,844;12,89;
[-25.749321433034464, 28.242489703785655];10,0;1,044;1,982;12,412;
[-25.74947248381933, 28.24249111749608];12,0;0,996;0,929;12,115;
[-25.749611756120625, 28.24249464546694];11,0;1,13;-0,469;11,626;
[-25.749744296601786, 28.24249381116985];11,0;1,092;-1,408;12,919;
[-25.749851576403717, 28.242495953361946];9,0;1,484;-1,168;13,111;
[-25.749939738116574, 28.24250432397191];8,0;1,714;-0,948;12,488;
[-25.749996748369103, 28.242514859308105];6,0;-2,758;-1,034;13,293;
[-25.7500470725761, 28.242529543617653];5,0;2,308;1,044;12,699;
[-25.75009197048189, 28.2425439626045];5,0;3,084;1,044;11,942;
[-25.7501264732895, 28.24254374600226];3,0;4,377;0,728;12,775;
[-25.75015034480222, 28.24252755327419];3,0;4,099;2,279;12,526;
[-25.750153583023714, 28.24251345030304];1,0;3,907;2,624;12,919;
[-25.750143798423206, 28.242481635024554];0,0;-2,231;2,538;12,402;
[-25.750130687878166, 28.242435446789855];4,0;-2,318;2,835;12,335;
[-25.750123632838026, 28.242385870060954];4,0;-1,331;2,595;11,234;
[-25.750121338944442, 28.24232701975196];5,0;0,728;2,48;11,387;
[-25.750123950055173, 28.242258364554875];5,0;0,747;2,892;12,565;
[-25.750124851934334, 28.24218668006973];5,0;0,9;2,614;12,459;
[-25.750125951819804, 28.242096077739905];6,0;-1,762;3,093;12,9;
[-25.750125612482577, 28.241994978358505];7,0;1,082;3,428;13,752;
[-25.750133682662586, 28.24184990618695];10,0;1,034;3,17;12,163;
[-25.750140975366826, 28.241717327681112];10,0;0,948;2,404;12,076;
[-25.75014773113695, 28.24159593652869];11,0;1,456;2,796;13,139;
[-25.750154561086735, 28.241477322232097];11,0;0,776;2,471;13,886;
[-25.750164635560036, 28.241340140834772];13,0;0,986;2,691;12,68;
[-25.750176145639177, 28.241193838525234];14,0;0,919;2,394;12,919;
[-25.75019031697942, 28.241020139046746];14,0;0,622;1,025;12,986;
[-25.750202755521936, 28.240874486539223];13,0;1,13;0,814;14,03;
[-25.750216772881267, 28.240740257118695];12,0;2,088;0,804;12,383;
[-25.75022725852377, 28.24060168164105];12,0;2,164;0,967;12,775;
[-25.750232171871865, 28.240479885979365];10,0;1,58;-1,006;12,124;
