[-25.748644291201096, 28.239837842909836];26,0;3,189;4,013;16,75;
[-25.74838606280824, 28.23982458590422];27,0;1,504;5,526;12,967;
[-25.748088598917, 28.23981019030096];29,0;1,791;3,055;15,016;
[-25.74780080228435, 28.239800400752394];30,0;1,954;-1,475;15,687;
[-25.747523595891202, 28.239791490249143];30,0;1,369;-1,858;13,283;
[-25.747265368719955, 28.23977972476824];28,0;1,561;-2,049;15,677;
[-25.747013767423528, 28.239774248033207];26,0;-1,14;-1,858;14,834;
[-25.74678832210106, 28.23976285648861];24,0;-2,318;-2,969;13,168;
[-25.746601517536423, 28.239754692376287];20,0;0,91;-2,04;12,297;
[-25.74643353329164, 28.239741267462712];18,0;0,795;-2,231;13,091;
[-25.746283989989724, 28.239727498550607];16,0;0,795;-2,547;12,45;
[-25.746168716562888, 28.23971681005066];14,0;0,718;-2,375;11,732;
[-25.746091823510064, 28.239709474190857];9,0;0,709;-3,16;11,837;
[-25.746030221781485, 28.239703970491508];7,0;0,709;-2,48;11,54;
[-25.746011067300557, 28.239702982744];2,0;0,776;-0,862;11,301;
[-25.746011067300557, 28.239702982744];2,0;0,594;1,312;11,186;
[-25.746011067300557, 28.239702982744];2,0;-1,714;4,434;12,718;
[-25.746011067300557, 28.239702982744];2,0;4,329;14,653;13,8;
[-25.746011067300557, 28.239702982744];2,0;0,766;10,199;-4,013;
[-25.746011067300557, 28.239702982744];2,0;0,967;10,19;-5,775;
[-25.746011067300557, 28.239702982744];2,0;0,977;10,669;4,453;
[-25.74606893775378, 28.239709672444594];4,0;0,929;10,793;-3,17;
[-25.746015715158602, 28.239705320780285];0,0;0,852;10,745;-2,212;
[-25.745946778666433, 28.239699002338003];5,0;1,197;11,444;-3,419;
[-25.745854933421533, 28.23969180784647];8,0;0,929;11,569;-3,505;
[-25.745764452524813, 28.23968354520914];8,0;1,216;13,589;-3,524;
[-25.745664433312374, 28.239675372091213];10,0;-2,126;14,308;-5,737;
[-25.745566232788942, 28.23966681515886];10,0;0,833;10,525;-1,973;
[-25.74546270247026, 28.239660632582844];10,0;0,69;11,396;2,586;
[-25.745362322051164, 28.239654016452732];10,0;1,034;10,812;2,327;
[-25.745263115371024, 28.23964687324759];10,0;0,986;10,764;1,312;
[-25.745176648975104, 28.239641232319972];10,0;1,149;10,985;1,8;
[-25.745090926574292, 28.23963413453356];10,0;1,322;10,86;1,12;
[-25.74501039062099, 28.239626970790184];9,0;1,168;10,41;1,092;
[-25.744932578062116, 28.239620414132105];8,0;0,948;10,554;2,193;
[-25.744859908965267, 28.23961463861593];8,0;0,747;10,487;2,088;
[-25.744795547352396, 28.239609359988567];7,0;0,785;10,669;2,203;
[-25.74474683760483, 28.239604648694588];6,0;1,015;10,812;2,452;
[-25.744707770094205, 28.239601691749623];4,0;0,622;10,362;2,327;
[-25.744677701660333, 28.239599089733076];3,0;0,68;11,052;2,854;
[-25.744659270340655, 28.2395985179631];2,0;0,488;10,161;1,36;
[-25.744659270340655, 28.2395985179631];2,0;0,402;10,084;0,852;
[-25.744659270340655, 28.2395985179631];2,0;0,412;10,056;0,891;
[-25.744659270340655, 28.2395985179631];2,0;0,364;10,008;0,335;
[-25.744659270340655, 28.2395985179631];2,0;0,412;10,017;-0,718;
[-25.744659270340655, 28.2395985179631];2,0;0,431;10,094;0,383;
[-25.744659270340655, 28.2395985179631];2,0;0,373;10,027;0,479;
